6 6 6 6 6 6 6 6 6 6 6 6 6 6 6 6 6 6 6 6 6 6 6 6 6 6 6 7 6 6 6 6 6 6 6 6 6 6 6 6 6 6 6 6 6 6 6 6 6 6 6 6 6 6 6 6 6 6 6 6 6 6 6 6 6 6 6 6 6 6 6 6 6 6 6 6 6 6 6 6 6 6 6 6 6 6 6 6 6 6 6 6 6 6 6 6 6 6 6 6 6 6 6 6 6 6 6 6 6 6 6 6 6 6 6 6 6 6 6 6 6 6 6 6 6 6 6 6 6 6 6 6 6 6 6 6 6 6 6 6 6 6 6 6 6 6 6 6 6 6 6 6 6 6 6 6 6 6 6 6 6 6 6 6 6 6 6 6 6 6 6 6 6 6 6 6 6 6 6 6 6 6 6 6 6 6 6 6 6 6 6 6 6 6 6 6 6 6 6 6 6 6 6 6 6 6 6 6 6 6 6 6 6 6 6 6 6 6 6 6 6 6 6 6 6 6 6 6 6 6 6 6 6 6 6 6 6 6 6 6 6 6 6 6 6 6 6 6 6 6 6 6 6 6 6 6 6 6 6 6 6 6 6 6 6 6 6 6 6 6 6 6 6 6 6 6 6 6 6 6 6 6 6 6 6 6 6 6 6 7 6 6 6 6 6 6 6 6 6 6 6 6 6 6 6 6 6 6 6 6 6 6 6 6 6 6 6 6 6 6 6 6 6 6 6 6 6 6 6 6 6 6 6 6 6 6 6 6 6 6 6 6 6 6 6 6 6 6 6 6 6 6 6 6 6 6 6 6 6 6 6 6 6 6 6 6 6 6 6 6 6 6 6 6 6 6 6 6 6 6 6 6 6 6 6 6 6 6 6 6 6 6 6 6 7 6 6 6 6 6 6 6 6 6 6 6 6 6 6 6 6 6 6 6 6 6 6 6 6 6 6 6 6 6 6 6 6 6 6 6 6 6 6 6 6 6 6 6 6 6 6 6 6 6 6 6 6 6 6 6 6 6 6 6 6 6 6 6 6 6 6 6 6 6 6 6 6 6 6 6 6 6 6 6 6 6 6 6 6 6 6 6 6 6 6 6 6 6 6 6 6 6 6 6 6 6 6 6 6 6 6 6 6 6 6 6 6 6 6 6 6 6 6 6 6 6 6 6 6 6 6 6 6 6 5 6 6 6 6 6 6 6 6 6 6 6 6 6 6 6 6 6 6 6 6 6 6 6 6 6 6 6 6 6 6 6 6 6 6 6 6 6 6 6 6 6 6 6 6 6 6 6 6 6 6 6 6 6 6 6 6 6 6 6 6 6 6 6 6 6 6 6 6 6 6 6 6 6 6 6 6 6 6 6 6 6 6 6 6 6 6 6 6 6 6 6 6 6 6 6 6 6 6 6 6 6 6 6 6 6 6 6 6 6 6 6 6 6 6 6 6 6 6 6 6 6 6 6 6 6 6 6 6 6 6 6 6 6 6 6 6 6 6 6 6 6 6 6 6 6 6 6 6 6 6 6 6 6 6 6 6 6 6 6 6 6 6 6 6 6 6 6 6 6 6 6 6 6 6 6 6 6 6 6 6 6 6 6 6 6 6 6 6 6 6 6 6 6 6 6 6 6 6 6 6 6 6 6 6 6 6 6 6 6 6 6 6 6 6 6 7 6 6 6 6 6 6 6 6 6 6 6 6 6 6 6 6 6 6 6 6 6 7 6 6 6 6 6 7 6 6 6 6 6 6 6 6 6 6 6 6 6 6 6 6 6 6 6 6 6 6 6 6 6 6 6 6 6 6 6 6 6 6 6 6 6 6 6 6 6 6 7 6 6 6 6 6 6 6 6 6 6 6 6 6 6 6 6 6 6 6 6 6 6 6 6 6 6 6 6 6 6 6 6 6 6 6 6 6 6 6 6 6 6 6 6 6 6 6 6 6 6 6 6 6 6 6 6 6 6 6 6 6 6 6 6 6 6 6 6 6 6 6 6 6 6 6 6 6 6 6 6 6 6 6 6 6 6 6 6 6 6 6 6 6 6 6 6 6 6 6 6 6 6 6 6 6 6 6 6 6 6 6 6 6 6 6 6 6 6 6 6 6 6 6 6 6 6 6 6 6 6 6 6 6 6 6 6 6 6 6 6 6 6 6 6 6 6 6 6 6 6 6 6 6 6 6 6 6 6 6 6 6 6 6 6 6 6 6 6 6 6 6 6 6 6 6 6 6 6 6 6 6 6 6 6 6 6 6 6 6 6 6 6 6 6 6 6 
793  133  488  
615  526  994  
404  928  467  
504  622  960  
361  475  286  
601  751  1001 
249  550  998  
2    394  57   
449  633  627  
353  98   702  
902  529  292  
783  729  162  
763  242  185  
123  430  70   
443  959  816  
966  294  569  
114  734  76   
985  336  129  
15   651  805  
365  188  465  
967  61   754  
745  900  79   
221  839  459  
90   644  895  
590  201  167  
953  537  880  
4    166  927  
180  236  817  
403  146  18   
149  552  445  
698  600  947  
847  926  951  
851  854  756  
769  667  505  
225  456  748  
200  747  903  
648  140  986  
384  778  545  
923  234  478  
26   497  335  
80   78   388  
322  58   131  
191  853  676  
647  106  653  
144  943  701  
239  623  1005 
614  844  288  
890  682  444  
862  730  285  
500  691  257  
32   576  464  
517  247  308  
328  863  387  
760  5    367  
643  809  728  
293  518  801  
588  821  397  
300  406  841  
383  349  431  
922  565  764  
696  429  74   
920  585  214  
941  479  441  
1003 455  646  
917  324  190  
171  484  752  
235  1002 792  
323  485  829  
255  224  645  
938  269  761  
635  685  632  
50   538  362  
662  879  551  
283  673  134  
260  710  832  
139  330  894  
186  578  128  
563  606  84   
736  230  706  
482  631  677  
67   399  788  
525  665  396  
812  31   786  
427  883  618  
566  613  315  
291  254  135  
34   434  411  
440  290  916  
340  267  472  
422  982  165  
528  955  314  
744  39   831  
41   568  949  
380  586  64   
417  944  999  
762  814  68   
245  386  575  
204  581  852  
10   206  758  
148  664  113  
117  503  612  
540  776  263  
359  83   965  
704  487  703  
1    512  306  
371  798  707  
27   906  892  
934  480  116  
705  298  35   
746  426  963  
463  882  238  
183  89   462  
303  420  88   
522  564  17   
546  983  755  
652  496  141  
630  834  208  
958  385  774  
554  297  126  
595  843  52   
939  556  915  
47   918  713  
228  160  567  
265  533  178  
150  194  742  
331  806  416  
835  477  391  
53   722  402  
158  104  376  
656  822  369  
549  579  425  
199  226  392  
454  48   81   
196  784  289  
24   233  815  
243  1004 824  
868  469  122  
421  222  780  
795  637  770  
796  715  446  
718  321  442  
110  810  22   
527  96   319  
142  997  914  
929  63   605  
523  908  495  
326  40   120  
458  624  655  
634  182  412  
766  534  231  
87   143  474  
861  659  215  
849  972  654  
418  599  436  
252  587  785  
773  594  259  
91   680  433  
674  264  872  
819  432  709  
887  739  338  
351  845  628  
101  867  23   
470  759  486  
410  996  864  
115  105  508  
481  73   919  
737  973  51   
666  169  738  
457  36   507  
750  619  354  
152  211  901  
270  802  837  
577  515  232  
304  138  539  
681  356  531  
857  352  360  
541  54   307  
502  305  320  
296  468  827  
49   931  636  
350  6    28   
1007 379  213  
672  121  555  
86   21   842  
609  370  723  
109  127  343  
610  7    640  
690  584  820  
112  846  981  
368  650  3    
435  950  893  
548  137  687  
989  940  1000 
870  833  279  
118  714  179  
8    661  147  
251  591  337  
378  154  859  
153  450  398  
197  765  521  
490  491  974  
952  348  544  
787  219  309  
984  278  498  
75   423  530  
327  726  155  
727  699  364  
44   725  700  
877  768  932  
111  210  689  
869  732  14   
558  767  511  
381  1006 936  
145  535  97   
794  119  390  
12   980  347  
192  603  136  
295  913  400  
948  494  559  
189  771  772  
721  607  935  
281  318  345  
583  977  724  
580  170  471  
342  975  720  
256  424  100  
898  888  516  
957  874  509  
510  132  223  
598  695  884  
886  272  543  
344  172  896  
604  60   29   
642  856  240  
811  11   460  
341  220  173  
195  184  168  
800  177  573  
688  905  813  
797  971  858  
897  77   37   
735  954  970  
284  562  592  
261  107  777  
501  333  366  
94   438  85   
30   329  499  
302  332  593  
978  65   19   
92   596  848  
130  964  840  
657  124  250  
942  838  679  
56   716  946  
791  248  55   
258  641  993  
157  602  671  
164  775  891  
357  542  334  
988  571  625  
873  524  409  
72   828  799  
95   313  280  
878  683  582  
658  520  547  
25   669  151  
826  911  962  
875  287  749  
560  473  476  
175  865  561  
620  108  339  
782  557  866  
818  492  992  
945  899  789  
99   855  536  
686  976  102  
447  82   708  
519  448  871  
401  244  0    
407  71   694  
649  415  159  
317  358  301  
611  268  43   
626  46   907  
276  885  711  
439  125  731  
850  876  933  
757  991  608  
904  419  271  
217  574  277  
466  174  218  
616  589  930  
66   830  660  
451  9    428  
393  617  203  
373  506  275  
712  881  181  
13   38   452  
924  995  808  
241  216  346  
375  310  363  
16   395  961  
316  781  229  
889  274  956  
741  355  790  
253  692  377  
910  663  570  
925  836  163  
273  20   483  
413  621  227  
45   969  176  
161  678  638  
405  979  103  
207  202  719  
697  753  629  
59   532  187  
804  205  823  
572  909  740  
513  461  937  
493  597  382  
62   717  262  
193  156  389  
325  675  93   
372  860  912  
312  266  69   
489  198  921  
42   968  408  
807  733  684  
670  553  437  
743  414  246  
453  374  693  
803  33   990  
987  514  825  
299  779  668  
212  282  311  
639  237  209  
811  497  768  
334  237  846  
200  252  280  
765  436  26   
982  864  502  
696  457  107  
473  151  94   
306  164  122  
291  522  386  
824  858  605  
929  303  710  
408  420  397  
685  871  890  
855  506  413  
683  242  531  
328  335  135  
410  738  352  
761  900  154  
841  937  19   
330  370  995  
682  532  239  
684  763  452  
960  322  456  
66   774  979  
214  729  854  
157  281  823  
862  987  273  
390  827  789  
817  677  689  
396  9    70   
187  282  31   
799  632  391  
430  820  178  
119  609  595  
463  416  613  
711  617  262  
695  641  20   
290  831  614  
728  863  808  
985  40   6    
253  633  302  
990  477  922  
294  848  1004 
778  655  472  
85   374  901  
445  608  181  
424  414  866  
533  399  16   
80   717  551  
602  936  940  
326  672  437  
105  193  492  
402  340  578  
892  204  208  
490  851  142  
767  141  807  
958  967  161  
971  192  324  
169  73   10   
721  256  895  
447  661  467  
46   198  636  
343  814  671  
649  910  945  
912  25   507  
656  812  11   
908  944  210  
794  112  379  
75   928  631  
361  513  283  
257  525  860  
634  313  279  
702  575  966  
920  23   787  
110  780  998  
1007 872  183  
285  297  309  
139  798  332  
715  475  484  
818  720  638  
165  222  746  
383  76   336  
674  78   171  
956  580  988  
627  541  270  
21   751  478  
953  293  615  
547  760  952  
725  42   459  
588  114  104  
868  3    451  
699  850  705  
876  803  458  
350  132  718  
155  395  494  
669  321  616  
202  762  489  
387  969  259  
887  8    758  
906  653  287  
152  730  189  
101  888  561  
498  403  554  
56   714  318  
563  308  206  
891  992  731  
382  639  188  
275  790  111  
143  704  412  
264  972  539  
676  231  45   
97   844  553  
28   550  118  
964  835  505  
371  934  980  
703  664  624  
527  261  356  
663  425  432  
752  736  629  
182  160  57   
359  274  719  
804  464  375  
296  859  263  
17   167  380  
232  739  323  
843  801  568  
129  177  651  
946  622  218  
469  950  316  
766  240  648  
591  939  146  
401  894  520  
95   732  688  
43   726  1003 
902  333  665  
433  986  86   
362  1006 784  
388  925  195  
389  509  315  
598  647  713  
126  224  341  
611  400  90   
180  724  628  
700  612  392  
12   55   694  
269  241  668  
530  687  815  
173  454  102  
996  409  470  
723  572  712  
63   926  144  
244  317  861  
564  250  325  
582  153  4    
753  942  973  
217  571  329  
828  1002 959  
646  411  970  
576  312  619  
840  883  546  
558  793  795  
573  528  896  
351  194  339  
175  610  441  
586  592  600  
346  962  897  
574  272  604  
150  271  747  
701  904  782  
640  978  536  
542  29   103  
907  983  852  
184  770  128  
471  434  1001 
258  791  331  
166  233  642  
693  826  228  
127  802  373  
87   61   873  
65   503  893  
30   686  947  
54   384  67   
59   440  974  
756  935  819  
468  131  577  
98   266  115  
769  537  839  
491  13   857  
487  534  172  
71   426  737  
5    429  136  
680  898  393  
37   931  652  
223  443  620  
913  874  423  
124  618  838  
372  493  630  
496  951  552  
134  813  39   
196  337  518  
921  276  829  
48   35   174  
654  158  948  
398  251  555  
821  247  47   
667  523  830  
106  905  358  
777  364  304  
319  227  599  
637  566  50   
757  650  976  
419  357  363  
137  529  822  
681  750  792  
248  543  779  
148  159  596  
212  504  342  
354  514  954  
869  64   540  
474  1000 367  
378  941  349  
785  366  83   
589  549  406  
594  606  512  
997  692  955  
707  708  601  
559  448  255  
585  603  51   
786  226  722  
404  93   365  
842  943  444  
675  781  911  
81   977  749  
207  579  376  
903  915  521  
453  526  246  
879  394  480  
295  249  301  
965  190  764  
556  666  716  
109  145  772  
697  975  170  
327  643  759  
385  203  690  
754  483  847  
805  488  495  
300  238  853  
1    510  163  
587  909  299  
691  305  355  
565  981  288  
310  314  201  
267  278  215  
320  923  745  
123  899  407  
623  560  284  
557  545  84   
18   796  88   
626  439  344  
485  235  162  
60   927  435  
58   211  140  
466  209  544  
933  479  268  
991  810  914  
776  96   186  
147  381  89   
431  994  932  
52   125  741  
113  625  417  
69   44   422  
15   428  825  
744  516  92   
14   260  775  
919  277  755  
418  963  49   
875  199  462  
345  415  511  
881  7    816  
348  286  788  
597  865  517  
886  984  245  
191  845  38   
698  989  644  
99   2    645  
216  377  138  
809  999  783  
369  427  837  
53   797  949  
176  670  706  
62   740  476  
117  100  678  
32   548  662  
133  27   79   
673  877  82   
0    360  229  
968  924  957  
108  679  938  
197  930  735  
867  538  442  
593  353  834  
800  917  225  
748  806  961  
1005 918  455  
219  460  733  
607  581  121  
265  236  438  
773  74   22   
993  880  621  
156  771  709  
33   347  311  
338  243  120  
535  584  727  
482  870  149  
220  660  449  
41   34   179  
446  72   500  
91   657  486  
567  230  405  
884  254  889  
461  205  515  
501  836  519  
882  368  234  
569  845  68   
185  397  499  
916  168  734  
742  221  116  
635  318  302  
856  849  421  
77   450  583  
289  292  298  
213  832  307  
659  885  15   
36   590  481  
24   570  658  
833  508  130  
524  878  1007 
465  319  682  
562  642  964  
743  500  128  
249  2    827  
398  708  1    
67   900  197  
989  925  963  
161  351  455  
328  174  885  
389  419  396  
936  986  372  
995  546  461  
779  400  45   
353  736  111  
504  683  92   
764  650  160  
752  273  590  
571  97   780  
623  800  89   
968  826  34   
624  250  613  
74   615  193  
848  246  220  
8    432  984  
215  620  288  
438  656  732  
134  692  407  
78   923  243  
825  517  837  
633  274  893  
818  767  326  
985  280  658  
298  491  629  
952  700  124  
262  935  41   
404  920  79   
815  690  796  
198  941  542  
672  263  759  
655  927  730  
895  832  371  
361  686  534  
336  919  71   
434  219  290  
172  223  63   
594  649  922  
58   944  747  
1003 914  691  
133  978  94   
209  807  879  
680  574  496  
910  626  787  
114  98   703  
267  804  948  
100  556  849  
283  996  103  
707  727  456  
846  695  519  
937  356  252  
820  522  125  
539  867  537  
382  146  873  
285  644  881  
568  286  482  
428  777  982  
77   729  115  
618  991  871  
141  589  275  
422  341  951  
315  169  287  
22   687  323  
430  360  157  
625  476  0    
269  31   337  
847  768  990  
661  449  728  
693  850  576  
816  662  875  
653  601  489  
824  60   784  
467  638  909  
229  880  726  
545  13   550  
471  367  667  
751  390  529  
433  606  314  
295  932  792  
123  465  392  
412  276  187  
118  183  868  
668  36   322  
583  993  303  
817  524  156  
384  501  232  
339  380  950  
802  192  742  
235  368  772  
411  454  834  
159  490  459  
401  770  754  
416  66   6    
934  186  508  
3    575  737  
207  188  176  
822  56   30   
391  180  896  
593  782  470  
181  104  292  
165  370  869  
464  61   238  
733  284  55   
335  866  343  
122  549  374  
739  586  175  
305  719  11   
861  891  242  
480  864  718  
17   994  740  
129  255  959  
65   440  37   
798  561  974  
257  218  555  
580  929  378  
164  348  204  
715  68   911  
610  949  145  
778  523  931  
967  907  855  
513  918  554  
724  547  364  
641  425  478  
857  917  75   
712  806  569  
423  884  516  
570  307  912  
261  851  956  
657  960  47   
809  763  256  
497  942  766  
87   902  346  
697  279  43   
457  774  870  
18   488  965  
448  362  387  
643  53   418  
859  245  957  
144  905  801  
916  16   271  
163  354  210  
406  632  722  
126  21   553  
109  239  830  
877  1000 395  
559  212  930  
268  805  119  
901  142  120  
597  113  52   
892  33   329  
648  551  420  
296  814  664  
675  224  429  
84   831  44   
673  731  915  
96   10   679  
227  659  131  
281  779  168  
511  943  485  
19   213  48   
563  841  349  
150  876  674  
591  38   76   
630  182  654  
483  462  214  
313  9    684  
635  385  514  
714  105  140  
878  62   427  
975  565  566  
299  502  112  
533  605  216  
258  619  525  
788  789  783  
773  226  588  
20   200  671  
781  980  357  
962  358  765  
32   148  426  
573  776  234  
95   324  743  
738  579  592  
445  750  117  
582  442  842  
191  29   14   
888  121  300  
487  627  237  
512  595  532  
828  486  151  
64   81   611  
228  344  622  
598  474  321  
190  375  153  
694  149  83   
106  388  835  
744  757  413  
166  725  790  
890  452  709  
758  567  894  
194  843  27   
587  921  839  
327  906  69   
538  49   167  
872  676  954  
414  481  510  
135  558  138  
903  670  617  
988  466  786  
444  698  924  
162  898  646  
272  972  640  
39   761  394  
756  823  294  
484  492  225  
42   882  696  
259  152  506  
403  116  35   
705  277  811  
127  977  745  
248  308  93   
614  507  717  
998  720  265  
4    154  460  
795  306  270  
330  616  971  
254  230  472  
645  716  677  
57   331  53   
865  477  424  
647  451  158  
251  536  564  
139  548  469  
926  860  966  
110  987  904  
40   938  499  
266  600  794  
711  603  947  
312  377  669  
309  417  479  
108  771  101  
23   979  342  
863  363  584  
90   91   132  
637  521  528  
527  458  155  
7    955  581  
775  585  665  
946  441  1006 
1005 137  431  
439  557  264  
762  856  173  
289  222  799  
54   953  177  
803  530  819  
278  355  701  
26   338  689  
437  769  608  
602  405  883  
203  320  509  
552  332  468  
897  685  928  
836  812  304  
544  723  436  
609  185  543  
143  217  599  
25   447  706  
933  813  503  
206  178  1002 
347  86   317  
913  46   493  
572  233  1001 
1004 785  199  
498  416  240  
853  130  82   
829  578  231  
73   260  345  
515  973  446  
958  376  531  
651  294  535  
195  771  983  
310  499  833  
340  560  196  
713  415  450  
997  577  311  
961  379  518  
874  473  136  
325  253  221  
301  60   107  
402  211  541  
634  410  293  
604  225  945  
666  931  970  
797  386  202  
435  821  852  
505  899  85   
316  939  373  
976  663  247  
793  721  791  
334  681  179  
854  939  760  
208  526  862  
753  99   453  
755  726  992  
748  636  810  
80   520  631  
24   621  735  
282  882  495  
297  241  72   
70   454  886  
147  734  369  
463  475  940  
189  12   28   
88   660  494  
50   750  5    
981  808  652  
205  350  612  
844  302  383  
366  759  59   
688  387  607  
540  639  699  
908  421  710  
443  51   352  
858  838  48   
381  291  333  
840  704  244  
741  102  362  
409  889  201  
408  501  678  
746  393  887  
365  171  236  
628  359  999  
170  887  204  
596  562  399  
969  806  244  
749  184  103  
702  867  137  
900  594  179  
114  721  864  
918  243  270  
92   497  396  
354  974  984  
536  733  617  
768  119  265  
875  138  130  
550  207  62   
287  211  711  
568  91   20   
432  192  542  
325  451  698  
253  599  526  
491  521  879  
381  589  481  
622  27   71   
968  795  780  
229  477  858  
418  926  427  
256  198  520  
827  853  355  
257  236  139  
571  673  959  
126  703  917  
16   829  958  
275  268  123  
621  201  341  
720  686  815  
405  783  12   
438  948  898  
127  149  267  
356  575  193  
818  285  804  
383  286  506  
940  226  782  
353  67   136  
728  484  428  
38   598  838  
210  909  85   
843  24   115  
421  846  885  
312  40   524  
561  301  488  
852  706  854  
902  660  308  
465  739  845  
841  412  727  
753  570  168  
320  865  255  
848  151  112  
668  327  631  
208  897  234  
217  579  823  
951  891  441  
928  11   132  
333  625  635  
363  443  390  
222  870  585  
1000 202  172  
927  187  985  
554  763  737  
694  924  455  
495  147  402  
592  770  2    
239  813  140  
722  787  190  
10   505  280  
604  343  614  
963  714  104  
857  378  66   
709  468  199  
587  33   760  
641  134  999  
557  601  250  
762  269  514  
361  537  174  
551  342  19   
671  581  233  
525  655  723  
59   675  372  
606  500  367  
7    369  279  
555  612  197  
446  582  177  
120  293  626  
741  647  912  
678  868  704  
717  164  129  
457  487  326  
406  150  124  
702  322  41   
603  893  806  
504  869  965  
248  790  755  
993  989  740  
933  386  565  
224  699  415  
330  105  751  
995  645  657  
807  527  710  
161  466  125  
563  462  688  
183  914  529  
0    976  351  
578  597  141  
952  772  410  
602  94   876  
97   942  55   
400  391  683  
332  518  642  
323  409  980  
983  794  313  
640  478  913  
437  184  458  
556  943  277  
796  549  834  
899  889  745  
486  523  534  
707  967  70   
667  1007 962  
503  73   689  
249  449  850  
596  264  672  
414  687  165  
517  434  996  
789  420  825  
781  656  131  
266  29   314  
385  905  306  
627  430  181  
196  3    84   
724  904  292  
404  513  61   
90   160  930  
546  724  374  
422  157  961  
364  744  63   
775  839  154  
822  725  254  
653  515  440  
945  718  231  
991  464  388  
448  934  851  
337  749  376  
761  883  633  
471  339  511  
4    368  496  
700  203  997  
929  447  101  
593  209  1    
260  932  403  
922  947  445  
230  615  632  
395  923  30   
670  595  238  
567  836  242  
784  263  162  
903  304  37   
237  498  49   
43   873  473  
311  752  450  
552  423  925  
764  987  186  
218  890  435  
979  227  866  
856  697  366  
809  166  872  
835  535  588  
693  214  610  
81   74   888  
271  538  609  
533  86   245  
620  42   616  
569  716  776  
566  241  682  
786  808  371  
44   493  797  
624  453  212  
483  338  684  
778  57   310  
802  1002 284  
695  811  637  
938  805  630  
303  22   861  
736  351  895  
117  920  560  
880  128  978  
607  461  17   
272  817  580  
189  52   171  
611  988  377  
847  152  96   
971  821  407  
916  35   296  
1003 335  658  
419  623  459  
572  278  78   
907  83   13   
113  937  321  
619  47   460  
221  666  379  
559  467  548  
482  398  143  
613  100  584  
696  906  118  
990  970  36   
88   436  1006 
758  309  977  
102  205  844  
9    228  553  
814  901  5    
380  75   200  
954  145  767  
969  452  574  
564  1004 832  
14   360  72   
842  674  31   
583  28   732  
849  194  831  
677  235  291  
605  892  109  
133  676  894  
921  685  370  
25   800  274  
425  659  216  
281  731  509  
175  80   862  
680  283  50   
528  476  886  
792  54   840  
122  159  881  
146  223  58   
99   334  830  
618  431  185  
220  191  219  
295  392  590  
142  318  324  
573  773  251  
51   411  282  
297  915  936  
734  650  347  
705  855  860  
401  756  545  
490  182  878  
729  502  541  
169  215  121  
981  530  358  
531  863  910  
919  998  290  
276  79   397  
719  206  735  
46   577  576  
106  8    992  
679  262  148  
357  746  691  
426  769  259  
908  350  754  
628  349  155  
877  340  663  
799  935  463  
331  346  261  
299  156  433  
652  39   494  
429  178  955  
986  519  247  
562  45   288  
144  715  874  
681  108  289  
532  399  305  
98   188  816  
393  469  173  
644  373  389  
111  95   489  
507  826  153  
246  896  317  
475  480  950  
629  516  417  
785  77   757  
442  472  941  
89   982  240  
801  871  82   
107  944  738  
798  170  747  
485  833  93   
176  163  973  
365  636  651  
167  777  957  
648  600  87   
643  743  591  
540  65   329  
638  69   649  
273  793  384  
966  812  474  
23   508  522  
424  116  960  
946  252  766  
352  15   708  
884  444  32   
828  328  543  
26   375  76   
774  300  713  
456  765  485  
820  34   258  
512  953  819  
859  316  634  
788  654  803  
348  810  669  
730  56   510  
298  837  439  
544  307  586  
742  135  639  
408  479  701  
213  359  275  
319  690  824  
975  158  994  
470  315  21   
232  492  547  
1001 394  465  
336  64   972  
665  692  195  
712  1005 344  
964  941  646  
345  608  630  
68   558  413  
180  664  661  
791  662  635  
748  18   539  
382  110  657  
6    911  150  
956  686  322  
949  377  491  
827  259  473  
595  710  633  
926  392  342  
210  103  699  
773  747  804  
72   652  693  
651  296  254  
655  905  48   
580  694  54   
498  568  60   
954  75   986  
192  238  277  
642  960  37   
64   203  172  
292  82   187  
148  975  729  
885  548  314  
144  118  47   
744  470  435  
934  215  4    
265  839  114  
63   505  791  
676  143  419  
444  901  229  
575  480  1003 
225  795  559  
510  888  284  
756  479  675  
911  502  73   
755  197  534  
178  629  79   
606  636  497  
159  146  543  
355  526  711  
244  167  438  
933  310  685  
869  647  136  
231  294  311  
372  95   476  
191  740  216  
352  821  962  
287  441  261  
295  321  518  
391  544  290  
594  65   313  
838  233  957  
228  1004 18   
931  598  701  
133  951  890  
511  242  560  
597  363  909  
516  96   638  
445  841  409  
471  576  381  
423  507  174  
865  966  437  
106  783  382  
71   961  450  
608  811  601  
834  28   565  
922  832  188  
725  803  973  
433  977  302  
950  998  402  
643  826  771  
20   93   344  
431  31   899  
13   162  644  
527  907  288  
168  330  750  
509  667  115  
171  965  334  
206  972  371  
829  297  101  
301  822  25   
400  830  338  
326  370  41   
289  640  515  
49   235  947  
252  968  264  
131  81   87   
366  29   223  
815  959  754  
335  704  134  
807  714  177  
681  221  173  
860  611  56   
227  503  882  
831  989  448  
717  250  765  
772  886  529  
562  211  528  
799  399  716  
620  953  660  
8    718  413  
496  98   626  
38   923  727  
579  867  366  
298  367  432  
873  857  24   
521  927  438  
481  276  193  
623  983  624  
763  2    988  
262  347  902  
5    551  688  
948  35   483  
251  312  401  
776  790  306  
222  593  53   
308  190  348  
183  736  659  
376  248  27   
658  449  234  
817  607  757  
97   524  78   
775  478  152  
74   214  842  
137  417  45   
83   500  386  
545  403  903  
976  850  67   
418  587  868  
434  631  700  
980  270  992  
194  241  313  
648  628  996  
170  875  554  
759  969  219  
713  436  360  
679  22   970  
209  621  995  
512  107  168  
805  760  918  
341  904  769  
752  871  592  
837  844  999  
671  442  832  
881  421  590  
15   898  16   
861  814  833  
974  589  455  
34   373  89   
408  536  877  
1005 897  245  
102  879  574  
346  798  741  
463  175  158  
263  981  303  
557  85   715  
266  654  730  
185  912  319  
460  43   777  
52   7    379  
577  447  742  
696  383  848  
495  649  414  
743  698  513  
375  605  405  
900  538  462  
155  567  816  
109  786  94   
340  952  257  
928  237  323  
913  271  427  
993  958  508  
180  331  207  
784  453  350  
317  537  1006 
291  484  182  
357  847  430  
603  785  389  
982  499  176  
766  549  843  
634  205  963  
132  916  556  
863  154  616  
768  482  851  
122  30   539  
120  454  304  
456  994  354  
852  812  69   
677  157  563  
358  787  691  
204  117  457  
469  153  111  
246  745  722  
650  572  318  
602  780  77   
617  728  801  
458  429  135  
328  550  836  
680  653  40   
57   732  940  
113  66   705  
59   774  9    
955  424  492  
487  682  517  
564  165  997  
200  1    855  
599  21   788  
547  553  380  
23   316  712  
123  329  105  
274  3    818  
285  770  124  
126  62   440  
68   615  708  
555  388  50   
971  273  613  
944  80   279  
17   802  488  
535  327  552  
300  140  938  
138  189  570  
735  582  625  
320  196  19   
280  456  673  
943  359  910  
878  813  964  
895  224  810  
666  243  394  
893  825  236  
569  390  942  
184  397  116  
202  121  920  
10   809  600  
36   452  278  
758  949  670  
125  864  404  
11   987  169  
990  985  678  
749  859  748  
764  709  956  
385  151  425  
858  156  258  
856  930  439  
612  542  336  
645  984  92   
591  247  70   
127  946  128  
309  690  639  
217  467  835  
307  269  796  
789  461  368  
929  637  161  
726  504  459  
468  26   546  
477  558  921  
797  129  794  
706  584  674  
914  849  937  
533  387  267  
475  239  489  
406  272  332  
139  684  936  
692  523  800  
104  91   596  
619  395  854  
353  195  889  
906  723  697  
719  634  932  
665  767  212  
420  149  738  
33   782  230  
781  945  364  
378  163  1007 
398  249  721  
337  164  42   
530  333  179  
872  232  585  
819  343  141  
908  451  581  
739  880  55   
891  150  808  
614  792  737  
532  838  362  
540  147  293  
610  283  501  
571  46   541  
669  866  393  
493  130  76   
466  419  32   
226  345  702  
604  181  884  
896  876  305  
734  846  339  
566  56   51   
256  490  14   
472  779  208  
823  239  186  
514  71   1001 
687  1000 761  
627  683  365  
464  213  428  
641  561  762  
618  887  411  
361  44   525  
578  883  166  
586  979  925  
201  622  845  
286  664  656  
324  720  410  
917  609  356  
84   661  870  
695  1002 198  
978  58   703  
412  151  924  
824  919  573  
369  967  494  
220  105  915  
416  268  374  
820  474  486  
426  663  632  
991  807  325  
0    315  707  
853  826  281  
689  957  662  
240  415  894  
588  621  86   
840  218  733  
746  668  100  
108  143  90   
160  422  753  
61   343  299  
260  680  282  
12   931  142  
935  859  519  
793  349  939  
531  468  255  
88   152  520  
39   862  199  
443  253  874  
446  110  778  
396  301  583  
407  672  99   
145  469  6    
522  400  506  
119  323  892  
646  512  112  
731  922  384  
828  171  751  
546  691  929  
665  159  827  
247  7    57   
557  934  488  
421  327  533  
499  432  926  
337  237  944  
563  225  839  
66   361  758  
502  396  386  
552  108  93   
134  278  594  
736  915  847  
580  310  246  
960  822  156  
38   754  995  
925  965  233  
299  212  988  
385  464  347  
39   829  97   
900  570  311  
640  565  433  
41   755  297  
11   975  484  
633  448  656  
595  492  218  
422  420  172  
906  863  403  
909  519  359  
381  937  146  
784  135  774  
655  739  18   
289  24   664  
59   518  85   
340  12   68   
815  120  79   
435  902  844  
312  102  779  
771  598  328  
887  589  792  
199  837  649  
801  920  650  
390  445  625  
69   635  350  
324  176  525  
437  267  258  
591  711  458  
572  131  705  
869  248  706  
46   281  928  
91   88   129  
505  2    615  
763  781  207  
543  169  33   
935  465  713  
231  631  362  
648  259  453  
254  770  954  
808  103  590  
451  315  109  
805  261  48   
304  716  375  
547  969  623  
185  20   853  
486  685  747  
47   901  294  
28   344  356  
441  339  395  
217  985  980  
561  76   1007 
698  298  791  
674  19   426  
104  939  234  
585  428  848  
214  163  704  
749  439  828  
993  799  555  
21   719  689  
738  576  355  
450  956  964  
679  136  401  
919  661  526  
213  49   121  
687  277  331  
452  415  53   
165  6    707  
335  642  384  
542  967  897  
846  177  81   
264  201  721  
861  334  600  
416  751  496  
16   560  790  
830  994  67   
884  255  228  
430  495  398  
119  188  968  
624  659  647  
998  684  283  
733  772  820  
302  513  106  
257  819  639  
306  351  377  
101  612  497  
449  442  611  
643  694  305  
737  399  23   
508  145  849  
943  65   249  
752  962  506  
888  760  976  
757  559  43   
979  556  672  
974  833  34   
193  491  883  
818  683  641  
338  867  877  
911  155  368  
910  602  776  
51   652  723  
263  890  864  
798  44   243  
489  899  617  
879  773  802  
528  275  345  
412  903  734  
87   417  17   
409  654  402  
782  521  813  
224  940  232  
618  596  446  
274  256  515  
914  1000 670  
842  667  622  
904  476  671  
348  288  144  
373  682  885  
216  184  785  
82   1004 198  
803  273  627  
566  743  767  
167  424  148  
536  729  530  
870  604  276  
575  856  783  
717  690  592  
800  516  551  
463  36   490  
434  94   314  
374  636  262  
605  541  180  
675  616  183  
115  205  699  
372  806  206  
843  477  73   
986  710  923  
54   720  479  
538  517  981  
204  921  972  
626  607  507  
236  287  293  
75   786  918  
110  194  154  
427  260  658  
0    871  977  
95   99   389  
651  284  868  
113  804  668  
548  553  534  
132  473  875  
742  13   817  
320  25   485  
354  588  913  
37   662  3    
990  393  722  
303  966  330  
746  854  130  
475  178  406  
835  379  128  
831  735  5    
949  696  290  
987  955  646  
550  166  613  
644  436  582  
628  973  564  
387  927  850  
186  383  796  
989  40   917  
478  778  63   
952  14   78   
905  996  77   
341  761  291  
408  714  744  
467  317  983  
880  296  907  
122  266  50   
860  211  349  
836  89   238  
414  676  365  
443  309  35   
569  693  286  
1001 196  125  
457  52   898  
891  90   369  
509  558  686  
599  454  794  
61   862  912  
882  127  471  
200  788  951  
775  637  300  
701  380  182  
577  268  92   
866  1002 346  
554  608  191  
692  220  708  
669  522  364  
245  371  597  
609  571  470  
510  114  269  
504  924  175  
447  947  394  
425  10   209  
124  32   789  
222  1005 586  
322  139  688  
487  916  27   
663  252  388  
325  280  244  
793  210  766  
126  745  587  
529  961  908  
948  353  999  
142  170  187  
834  958  673  
825  681  30   
544  292  726  
407  702  873  
780  462  845  
70   45   950  
72   329  413  
133  727  22   
190  730  123  
728  942  619  
174  666  336  
215  978  677  
162  318  795  
797  539  4    
823  9    568  
841  116  64   
725  192  1006 
235  638  997  
8    769  161  
229  930  581  
653  117  230  
811  86   614  
272  567  532  
610  645  814  
855  895  583  
881  397  55   
620  741  392  
332  202  851  
812  250  970  
523  712  461  
107  759  466  
657  42   316  
545  945  455  
405  31   562  
251  936  718  
147  810  83   
762  84   319  
474  520  630  
226  149  440  
852  418  382  
809  429  787  
285  173  732  
423  992  578  
326  764  240  
221  493  724  
1    816  858  
352  62   527  
984  100  15   
715  886  768  
709  601  157  
896  360  279  
26   472  203  
892  874  840  
959  197  498  
227  137  265  
307  574  333  
629  482  242  
376  60   991  
29   431  153  
878  549  603  
444  514  678  
189  480  391  
697  756  270  
731  58   112  
872  695  223  
241  160  1003 
138  606  494  
593  181  932  
893  740  98   
460  195  824  
118  404  271  
531  933  537  
111  358  282  
748  179  80   
632  321  511  
535  140  483  
308  295  946  
370  660  579  
164  894  963  
821  876  762  
342  208  777  
703  750  941  
753  584  481  
573  501  700  
96   367  459  
889  938  765  
219  158  857  
865  500  253  
503  378  141  
357  540  394  
410  811  27   
363  74   289  
971  411  740  
953  982  768  
