6 6 6 6 6 6 6 6 6 6 6 6 6 6 6 6 6 6 6 6 6 6 6 6 6 6 6 6 6 6 6 6 6 6 6 6 6 6 6 6 6 6 6 6 6 6 6 6 5 6 6 6 6 6 6 7 6 6 6 6 6 6 6 6 6 6 6 6 6 6 6 6 6 6 6 6 6 6 6 7 6 6 6 6 6 6 6 6 6 6 7 6 6 6 6 6 6 6 5 6 6 6 6 6 6 6 6 6 6 5 6 6 6 6 6 6 6 6 6 6 6 6 6 6 6 6 
16   11   37   
62   111  33   
20   109  105  
65   19   80   
35   2    38   
91   86   39   
59   84   85   
110  88   122  
1    79   5    
119  29   97   
51   23   103  
102  76   81   
67   66   18   
57   0    82   
8    112  13   
78   43   87   
118  49   125  
106  63   15   
93   117  99   
17   40   10   
94   4    92   
52   107  45   
14   41   42   
34   46   53   
69   90   27   
26   100  28   
113  116  54   
58   32   95   
73   55   70   
3    74   104  
123  21   108  
56   71   48   
44   50   47   
72   30   22   
60   89   75   
115  124  101  
9    68   31   
6    7    61   
120  24   96   
83   36   64   
25   121  12   
98   77   114  
11   57   20   
98   109  34   
54   1    61   
85   60   88   
24   22   103  
86   55   7    
29   8    14   
78   107  9    
123  63   49   
120  117  3    
42   52   116  
71   93   35   
48   83   50   
53   2    12   
73   101  104  
111  92   26   
66   119  110  
68   81   106  
16   32   62   
72   19   27   
114  10   21   
64   75   4    
41   69   0    
15   94   70   
67   121  39   
100  51   40   
74   112  77   
65   36   43   
45   46   59   
87   58   115  
25   95   118  
28   18   56   
38   76   5    
6    17   44   
96   122  37   
99   105  31   
125  30   47   
13   33   79   
84   23   124  
89   108  91   
113  96   94   
82   91   102  
80   77   18   
97   81   72   
90   101  2    
119  73   83   
9    40   16   
37   38   47   
5    43   109  
70   20   25   
122  98   7    
86   93   45   
120  29   10   
65   49   51   
57   56   61   
44   111  46   
59   0    36   
30   114  115  
116  66   23   
63   13   71   
27   33   60   
108  78   112  
74   54   32   
121  22   64   
107  4    69   
75   11   14   
17   102  85   
117  118  60   
19   6    99   
48   95   34   
84   15   1    
35   92   103  
82   125  110  
41   123  76   
8    53   100  
88   87   28   
97   32   105  
80   94   58   
104  68   89   
12   21   79   
42   50   3    
113  53   31   
24   78   55   
52   114  106  
90   26   39   
62   124  93   
67   9    50   
51   91   48   
56   27   96   
8    122  124  
119  108  6    
63   87   11   
52   73   5    
70   100  72   
106  26   117  
30   61   46   
67   109  85   
121  29   44   
4    66   79   
20   112  90   
25   42   115  
107  95   99   
2    7    49   
68   103  0    
83   77   16   
28   21   105  
58   38   59   
113  43   14   
123  22   62   
102  80   12   
13   47   88   
111  65   104  
64   54   18   
34   15   69   
24   1    75   
57   10   23   
118  5    17   
89   98   36   
120  76   31   
81   124  40   
82   3    84   
39   37   116  
125  92   86   
110  106  35   
19   42   71   
101  18   45   
33   55   74   
41   86   97   
33   31   15   
110  9    12   
8    118  4    
1    49   68   
113  82   28   
27   23   78   
32   56   92   
17   90   63   
88   41   104  
76   48   101  
116  36   97   
85   92   108  
20   7    62   
54   60   100  
55   123  84   
47   53   107  
65   117  22   
50   94   105  
38   77   51   
83   26   122  
102  14   34   
66   43   74   
81   109  44   
57   98   72   
6    115  39   
11   45   120  
75   95   119  
96   25   13   
61   35   67   
3    37   114  
10   70   2    
64   99   91   
87   73   40   
58   71   89   
111  21   0    
69   30   80   
103  79   46   
24   16   52   
121  19   112  
59   29   125  
93   85   113  
43   26   57   
61   12   87   
62   68   10   
88   80   39   
69   35   25   
41   20   24   
79   29   77   
76   64   7    
119  0    47   
51   13   6    
90   1    42   
114  93   75   
86   65   17   
111  5    72   
56   84   2    
53   117  73   
30   8    99   
100  110  58   
45   22   105  
108  120  54   
46   40   116  
66   49   16   
122  52   74   
95   82   112  
89   96   67   
106  18   55   
37   15   118  
14   32   101  
21   11   81   
115  33   107  
63   3    103  
121  124  38   
31   44   23   
19   34   28   
60   83   123  
104  125  78   
97   71   9    
27   50   59   
91   70   79   
4    102  55   
36   94   90   
