6 6 6 6 6 6 6 6 6 6 6 6 7 6 6 6 6 6 6 6 6 6 6 6 6 6 6 6 6 6 6 6 6 6 6 6 6 6 6 6 6 6 6 6 6 6 6 6 5 6 6 6 7 6 6 6 6 6 6 6 6 6 6 6 6 6 6 6 6 6 6 6 6 6 6 6 6 6 7 6 6 6 6 6 6 6 6 6 6 6 6 6 6 6 6 6 6 6 6 6 6 6 6 7 6 6 6 6 6 6 6 6 6 6 6 6 6 6 6 6 6 6 6 6 6 6 6 6 6 6 6 6 6 6 6 6 5 6 6 6 6 6 6 6 6 6 6 6 6 5 6 6 6 6 6 6 6 6 6 6 6 6 6 6 6 6 6 6 6 6 6 6 6 6 6 6 6 6 6 6 6 6 6 6 6 6 6 7 5 6 6 6 6 6 6 6 6 6 6 6 6 5 6 6 6 6 6 6 6 6 6 6 6 6 6 6 6 6 6 6 6 6 6 6 6 6 6 6 6 6 6 6 6 6 6 6 6 6 6 6 6 6 6 6 6 6 6 6 6 6 6 6 
38   167  99   
126  200  4    
105  44   57   
214  73   184  
212  107  221  
188  158  71   
202  205  243  
19   118  29   
45   235  0    
247  211  130  
160  120  21   
229  151  98   
50   170  109  
179  121  123  
31   77   36   
1    156  8    
131  226  96   
218  127  28   
6    119  74   
17   56   97   
192  140  148  
209  143  163  
53   224  232  
102  83   171  
9    48   2    
210  139  142  
197  58   153  
239  137  117  
186  180  69   
152  35   13   
12   174  61   
93   198  164  
196  3    72   
91   248  194  
144  70   114  
100  55   181  
42   173  207  
135  204  223  
168  159  233  
161  20   7    
146  231  190  
249  32   33   
68   59   39   
14   26   172  
191  199  111  
11   238  52   
60   67   185  
182  76   213  
245  215  124  
145  162  219  
5    175  138  
154  64   237  
122  193  30   
41   206  222  
40   85   136  
203  251  15   
23   244  43   
149  94   24   
104  128  116  
113  169  147  
189  201  112  
47   216  134  
246  92   90   
230  157  242  
108  66   141  
178  81   187  
228  166  80   
115  101  195  
54   234  217  
10   18   250  
225  227  65   
208  78   241  
220  79   22   
176  34   25   
89   46   177  
82   75   51   
132  62   183  
86   133  37   
95   49   150  
110  240  87   
106  63   236  
165  125  27   
129  88   84   
155  103  16   
156  48   251  
21   96   204  
200  128  235  
183  67   187  
206  65   169  
76   201  249  
177  30   207  
213  243  146  
126  129  90   
195  64   4    
209  166  31   
3    18   33   
58   108  0    
147  151  197  
224  29   111  
104  69   95   
2    219  221  
167  168  238  
100  189  172  
124  13   193  
91   72   234  
198  248  78   
170  182  71   
89   134  154  
45   127  175  
54   107  119  
63   12   171  
60   24   112  
46   114  191  
32   139  25   
110  145  153  
73   140  117  
161  226  125  
211  70   137  
115  57   220  
188  236  52   
181  68   27   
122  56   230  
14   228  179  
245  103  244  
79   75   136  
87   133  120  
97   61   15   
196  192  82   
157  77   93   
81   5    23   
212  53   132  
148  227  102  
113  123  216  
239  135  186  
217  7    38   
34   152  86   
218  11   143  
42   159  49   
98   50   85   
233  105  222  
41   149  1    
74   88   80   
240  190  164  
22   39   16   
250  141  17   
99   130  35   
121  223  43   
163  210  118  
178  174  208  
229  20   203  
246  205  184  
202  232  215  
10   247  62   
214  37   8    
84   174  176  
199  40   138  
66   59   158  
173  162  92   
94   180  194  
55   144  9    
185  237  36   
231  44   6    
160  101  19   
28   131  225  
51   26   116  
155  83   150  
142  165  47   
109  241  207  
242  65   212  
106  134  10   
237  217  103  
58   215  94   
141  6    96   
77   137  158  
231  67   192  
228  8    109  
129  70   147  
73   165  138  
196  251  29   
216  164  48   
162  18   143  
181  159  232  
114  57   248  
225  34   89   
85   250  55   
115  13   63   
227  182  38   
163  69   178  
43   249  128  
222  23   145  
246  22   183  
125  200  78   
168  84   51   
241  107  112  
176  146  194  
45   130  15   
56   184  52   
106  41   76   
71   175  120  
40   242  95   
20   132  14   
144  210  102  
161  110  122  
25   16   172  
177  160  116  
19   157  197  
202  131  3    
98   28   39   
17   195  179  
136  24   80   
49   123  91   
190  68   206  
35   60   191  
243  166  46   
239  219  220  
113  193  201  
204  238  189  
27   152  74   
117  245  240  
62   133  180  
155  1    21   
153  83   4    
118  119  205  
229  135  154  
12   53   223  
72   5    88   
93   167  149  
151  82   37   
244  9    188  
79   30   234  
66   208  199  
127  186  54   
26   44   230  
32   77   75   
50   105  126  
185  159  97   
64   173  213  
211  226  81   
139  42   7    
214  33   233  
142  61   87   
235  187  236  
121  90   148  
203  209  124  
221  99   59   
150  11   86   
156  92   108  
247  101  190  
218  224  47   
198  171  127  
31   0    100  
140  104  39   
169  111  64   
170  3    36   
2    96   25   
47   67   239  
35   21   82   
126  54   18   
81   213  37   
91   188  229  
98   174  0    
132  144  72   
103  80   69   
30   148  66   
247  42   43   
212  214  79   
241  203  133  
15   16   197  
242  92   238  
28   195  32   
179  99   5    
154  230  202  
59   134  200  
53   71   166  
27   121  209  
172  199  164  
84   161  109  
210  41   223  
208  33   89   
23   136  63   
68   175  26   
74   153  211  
110  55   116  
58   182  14   
160  246  217  
48   105  104  
60   110  158  
189  4    178  
226  169  57   
156  119  122  
29   176  137  
24   225  181  
70   11   76   
219  45   150  
120  113  162  
180  56   147  
224  149  207  
168  220  244  
1    97   221  
142  228  13   
44   12   94   
243  117  20   
75   187  38   
131  235  73   
206  183  143  
185  118  128  
193  135  40   
19   201  165  
240  50   163  
171  191  2    
177  36   222  
234  61   111  
62   204  46   
88   52   101  
151  112  95   
10   140  248  
218  108  233  
227  87   22   
138  173  215  
141  216  83   
155  184  170  
145  114  167  
8    198  232  
129  237  251  
102  245  125  
196  139  107  
115  100  205  
51   106  186  
6    7    31   
85   78   130  
236  34   93   
192  249  226  
86   250  222  
123  157  220  
152  9    173  
124  146  17   
231  49   200  
65   194  126  
90   190  229  
244  18   142  
182  191  250  
171  116  209  
4    140  149  
240  53   82   
223  225  197  
245  221  218  
61   76   20   
60   72   105  
80   66   57   
161  95   89   
164  7    180  
196  85   246  
5    231  16   
207  147  235  
98   1    165  
112  22   17   
87   237  238  
104  71   139  
90   13   159  
15   46   75   
69   3    167  
232  219  178  
68   184  114  
37   239  172  
111  124  150  
243  113  233  
58   54   52   
88   193  2    
136  118  133  
48   79   125  
44   203  39   
129  28   199  
169  14   77   
195  242  67   
194  35   101  
128  92   50   
32   94   156  
26   224  123  
249  155  59   
131  97   120  
11   228  140  
23   227  224  
211  91   100  
83   212  84   
45   148  81   
163  96   234  
78   143  230  
192  174  9    
153  8    40   
99   12   70   
210  0    64   
47   205  206  
158  214  204  
127  185  215  
176  145  179  
121  202  62   
25   10   185  
189  152  170  
107  63   157  
108  34   43   
201  248  86   
135  31   33   
181  21   20   
208  217  41   
213  93   115  
141  117  51   
6    144  37   
130  216  36   
119  138  168  
56   29   198  
24   247  251  
49   166  28   
146  217  236  
134  74   55   
151  175  38   
103  65   137  
102  162  186  
187  27   30   
122  106  166  
188  177  73   
132  19   66   
109  183  154  
241  96   187  
42   22   199  
160  218  42   
132  127  184  
52   216  24   
168  78   197  
207  103  19   
13   137  235  
72   106  38   
165  146  89   
226  52   212  
7    4    87   
250  157  53   
164  23   151  
25   229  220  
60   0    243  
27   196  120  
75   90   198  
193  167  82   
163  134  14   
172  154  162  
94   81   118  
86   79   1    
121  142  119  
99   133  143  
49   58   102  
40   93   116  
47   203  69   
182  251  117  
234  145  200  
108  12   88   
190  3    9    
178  63   194  
238  171  105  
57   54   247  
115  15   6    
176  18   128  
101  8    123  
11   208  5    
76   125  219  
246  2    231  
91   221  228  
156  114  227  
245  189  131  
73   12   150  
225  205  84   
30   186  170  
129  21   239  
155  230  240  
249  175  100  
71   78   83   
237  68   85   
135  97   152  
33   65   74   
233  187  179  
210  80   26   
70   202  32   
16   161  160  
181  92   51   
148  153  236  
138  183  61   
39   113  43   
173  59   17   
124  104  130  
192  222  112  
62   98   77   
215  50   95   
248  174  110  
107  46   211  
147  209  214  
67   232  126  
122  111  144  
31   159  41   
45   34   56   
204  44   206  
195  29   10   
35   177  64   
180  55   36   
241  158  213  
169  109  139  
191  103  223  
242  244  141  
