6 6 6 6 6 6 6 6 6 6 6 6 6 6 6 6 6 6 6 6 6 6 6 6 6 6 6 6 6 6 6 6 6 6 6 6 6 6 6 6 6 6 6 6 6 6 6 6 6 6 6 6 5 5 6 6 6 7 6 6 6 7 6 6 6 6 6 6 6 6 6 6 6 6 6 6 6 6 6 5 6 6 6 5 6 6 6 6 6 6 6 6 6 7 6 6 6 6 6 7 6 6 6 6 6 6 6 6 6 6 6 6 6 6 6 6 5 6 6 6 6 6 6 6 6 6 6 6 6 6 6 6 6 6 6 6 6 6 6 6 6 6 6 6 6 6 6 6 6 6 6 6 6 6 6 6 6 6 6 6 6 6 6 6 6 6 6 6 6 6 6 6 6 6 6 6 6 6 6 6 6 6 6 6 6 6 6 6 6 6 6 6 6 6 6 6 6 6 6 6 6 6 6 6 6 6 5 6 6 6 6 6 6 6 6 6 6 6 6 6 6 6 6 6 6 6 6 7 6 6 6 6 6 6 6 6 6 6 6 6 6 6 6 6 6 6 6 6 6 6 6 6 6 6 6 6 6 7 6 6 6 6 6 6 
247  219  84   
143  116  108  
155  21   163  
249  74   17   
140  259  69   
57   223  3    
24   88   127  
257  234  263  
186  63   43   
18   179  73   
85   258  169  
191  99   106  
59   244  162  
216  211  250  
205  177  112  
158  6    126  
68   22   93   
5    194  213  
241  159  210  
1    222  115  
92   4    203  
139  187  195  
141  8    236  
9    36   122  
30   146  212  
103  0    255  
94   98   48   
55   167  124  
78   224  64   
144  119  49   
31   184  145  
252  80   38   
47   110  230  
105  188  13   
20   121  111  
136  2    206  
135  160  228  
229  129  70   
10   175  81   
41   161  178  
27   220  128  
33   133  190  
44   221  79   
181  176  34   
192  29   87   
65   151  130  
16   123  14   
117  197  56   
86   142  125  
83   101  91   
171  138  90   
217  180  60   
253  46   182  
262  183  95   
120  35   75   
71   89   134  
170  12   100  
25   237  231  
102  107  109  
131  254  148  
199  233  208  
256  165  242  
200  154  42   
174  66   226  
118  193  196  
149  7    51   
260  76   238  
240  67   26   
251  40   82   
164  137  189  
235  150  173  
168  113  248  
215  61   114  
214  23   243  
54   261  96   
198  156  232  
202  218  97   
53   77   166  
201  72   15   
39   132  152  
204  172  207  
19   157  147  
153  37   104  
209  32   225  
58   50   52   
246  45   227  
239  245  28   
185  62   11   
44   82   64   
151  198  158  
240  96   119  
145  229  163  
100  231  225  
170  213  90   
206  180  123  
260  10   150  
20   31   250  
84   263  72   
53   4    191  
133  193  244  
80   111  256  
196  36   188  
176  220  174  
75   181  253  
83   148  142  
210  88   190  
243  185  128  
76   239  197  
227  62   173  
66   115  110  
134  126  86   
130  42   261  
178  155  226  
172  160  57   
144  60   108  
221  132  154  
6    29   147  
23   112  0    
161  104  7    
245  63   251  
125  204  258  
242  118  8    
107  218  69   
141  183  208  
124  73   101  
59   139  203  
224  94   215  
153  30   171  
252  201  189  
109  45   58   
233  168  17   
24   93   228  
52   166  16   
85   32   140  
40   249  5    
113  136  55   
167  120  219  
25   137  177  
91   175  122  
74   230  22   
222  106  157  
209  67   162  
207  211  114  
187  70   43   
212  232  165  
9    152  149  
77   98   234  
95   214  71   
156  46   56   
195  131  38   
217  223  37   
248  184  192  
1    164  143  
182  97   127  
194  13   50   
34   79   169  
199  54   48   
19   159  235  
14   117  103  
35   237  246  
255  216  179  
12   87   27   
3    11   200  
238  15   26   
81   65   92   
68   247  39   
129  102  236  
33   78   205  
18   138  99   
241  146  186  
259  28   116  
257  21   89   
41   254  202  
61   2    173  
105  135  164  
121  51   166  
49   163  101  
47   117  148  
262  60   181  
80   185  40   
24   12   81   
93   8    179  
222  154  97   
10   79   50   
168  177  4    
115  215  212  
223  263  133  
143  51   86   
130  123  186  
44   145  156  
174  244  239  
188  43   120  
91   3    259  
59   211  71   
106  26   204  
73   189  48   
96   109  153  
103  29   152  
68   28   61   
102  205  126  
243  167  104  
171  76   183  
169  241  137  
260  20   218  
37   31   225  
19   131  257  
88   119  40   
232  160  246  
261  84   34   
55   127  6    
128  53   229  
224  100  254  
107  234  74   
41   227  208  
85   118  136  
52   182  162  
172  5    226  
83   176  2    
203  161  22   
89   63   242  
228  214  140  
92   75   159  
108  216  170  
221  195  190  
146  87   236  
111  247  155  
62   209  230  
238  112  36   
191  217  251  
135  14   150  
198  15   7    
144  196  157  
47   54   250  
13   248  42   
30   142  17   
237  49   72   
245  149  199  
255  35   125  
207  129  132  
180  202  9    
220  105  240  
200  134  231  
110  70   262  
94   253  192  
78   16   252  
65   66   124  
114  158  138  
23   1    206  
184  122  210  
99   32   39   
141  82   25   
201  213  69   
178  77   175  
18   187  11   
194  197  98   
139  27   45   
256  92   116  
95   33   106  
0    249  151  
57   121  147  
235  90   149  
113  38   67   
193  233  12   
56   258  203  
46   205  66   
219  64   143  
58   21   9    
165  220  202  
32   75   178  
247  112  131  
148  53   6    
17   211  49   
165  33   235  
121  25   2    
118  5    184  
210  107  162  
153  221  245  
196  62   30   
91   198  222  
229  255  133  
199  23   187  
13   141  125  
71   194  177  
74   79   128  
249  84   182  
69   29   82   
146  38   237  
99   50   54   
139  260  39   
167  197  242  
151  225  262  
173  145  120  
35   218  261  
126  48   144  
168  150  224  
188  140  73   
252  22   31   
16   208  240  
10   158  217  
157  250  239  
160  162  90   
228  142  94   
11   253  14   
117  72   248  
227  65   64   
179  67   1    
44   59   189  
101  183  27   
238  200  88   
204  234  171  
172  186  254  
58   116  190  
138  164  45   
195  77   130  
152  66   185  
244  42   243  
87   223  119  
257  24   132  
226  154  137  
147  163  104  
135  110  251  
96   241  134  
212  166  258  
76   43   51   
36   114  80   
102  100  105  
61   7    60   
161  192  207  
78   259  155  
129  206  175  
136  46   201  
115  263  20   
95   3    56   
124  181  109  
111  233  15   
83   159  0    
156  86   18   
98   176  209  
169  170  191  
34   37   26   
213  70   127  
55   21   216  
81   57   113  
4    174  219  
103  63   215  
256  123  231  
236  28   97   
93   52   157  
180  59   19   
108  42   232  
230  214  122  
8    47   246  
85   220  200  
193  68   204  
41   89   201  
19   248  259  
65   171  184  
13   61   241  
110  87   86   
155  138  230  
180  228  205  
233  56   109  
79   242  119  
112  31   27   
114  77   8    
80   150  222  
5    260  181  
6    26   173  
39   113  144  
263  126  122  
193  158  75   
149  49   253  
72   58   23   
15   129  174  
95   219  192  
24   34   51   
224  99   206  
10   212  73   
227  85   20   
38   197  191  
94   218  203  
120  154  16   
33   186  74   
249  105  121  
69   47   81   
125  9    225  
104  170  36   
183  103  136  
0    62   189  
236  14   71   
67   226  142  
134  152  77   
176  116  139  
35   88   168  
178  143  117  
202  25   187  
21   130  165  
37   92   18   
211  43   53   
250  190  7    
210  41   101  
167  135  2    
207  83   50   
44   111  262  
160  4    96   
40   232  68   
98   57   52   
97   133  65   
254  214  119  
246  217  132  
63   32   45   
78   118  261  
28   240  30   
100  76   185  
127  256  54   
3    164  250  
172  252  244  
179  194  111  
128  90   56   
235  124  166  
60   29   258  
234  251  148  
17   175  108  
91   177  84   
153  93   131  
209  156  208  
229  231  245  
146  213  145  
198  188  257  
1    89   181  
161  237  102  
137  55   140  
107  216  221  
141  115  104  
199  147  238  
64   49   22   
196  82   46   
12   226  106  
223  13   151  
123  109  239  
11   247  107  
182  195  125  
255  254  169  
215  244  70   
243  146  48   
163  85   159  
69   133  143  
165  207  259  
80   32   261  
243  257  150  
11   242  161  
166  112  213  
118  58   177  
95   246  142  
103  22   175  
256  234  238  
26   63   108  
128  157  84   
4    62   130  
55   203  145  
48   155  240  
232  205  255  
137  192  93   
16   139  122  
106  0    220  
12   2    39   
97   230  233  
200  124  117  
6    252  51   
47   185  33   
129  196  86   
132  249  90   
201  217  162  
160  187  30   
260  229  61   
153  91   152  
159  100  73   
235  141  239  
211  66   75   
183  126  247  
173  50   36   
67   82   190  
43   68   253  
227  197  228  
222  174  24   
198  94   31   
18   248  127  
115  209  193  
5    208  223  
21   87   148  
70   227  72   
35   186  99   
14   170  20   
101  191  44   
263  99   147  
15   135  218  
45   74   236  
237  78   110  
46   241  178  
57   89   184  
34   38   171  
231  219  81   
151  93   202  
8    121  169  
156  245  1    
23   98   188  
140  195  262  
182  176  10   
221  57   138  
164  149  40   
102  113  29   
134  7    212  
172  180  216  
59   163  154  
60   136  92   
199  158  224  
37   71   120  
25   257  76   
9    144  131  
225  189  167  
88   123  194  
168  179  204  
41   42   28   
214  61   54   
64   114  105  
215  3    96   
210  17   258  
27   19   251  
