6 6 6 6 6 6 6 6 6 6 6 6 6 6 6 6 6 6 7 5 6 6 5 6 6 6 6 6 6 6 6 6 6 6 6 6 6 6 5 6 6 6 6 6 6 6 7 6 6 6 5 6 6 6 6 6 6 6 6 6 6 6 6 6 6 6 6 6 6 6 6 6 6 6 6 6 6 6 6 6 5 6 6 7 6 6 6 6 6 6 6 6 6 6 6 6 6 6 6 6 5 6 5 6 6 6 5 6 6 5 6 6 6 6 6 6 5 6 6 6 6 6 6 6 6 6 6 6 6 6 6 6 6 6 6 6 6 6 6 6 6 6 7 5 6 6 7 6 6 6 6 6 6 6 6 5 6 6 6 6 7 6 6 6 6 6 6 6 5 6 6 6 6 6 6 6 6 6 6 6 6 6 5 6 6 6 6 6 6 6 7 6 6 7 6 6 6 6 6 6 6 6 6 5 6 6 6 6 6 6 6 6 6 6 6 7 6 6 6 6 6 6 6 6 6 6 6 6 6 6 6 6 6 7 5 6 6 6 6 6 6 6 6 6 6 6 6 6 6 6 6 6 6 6 6 6 6 6 6 6 6 6 6 6 6 6 7 7 6 6 6 6 6 6 5 6 6 6 6 6 6 6 6 6 6 6 6 6 6 5 6 6 6 6 6 6 6 6 6 6 7 6 6 6 6 6 6 6 6 6 6 6 6 6 6 6 6 6 6 6 6 6 5 6 6 6 6 6 6 6 6 6 6 6 6 6 6 6 6 6 6 6 6 6 6 6 6 6 7 6 6 6 6 6 6 6 6 6 7 6 5 6 6 5 6 6 6 6 6 6 6 6 6 6 6 6 6 6 6 6 6 6 6 6 6 6 6 6 6 6 6 6 6 6 6 6 6 6 6 6 6 6 7 7 5 6 6 6 6 5 7 6 6 6 6 6 6 6 6 6 6 6 6 6 7 6 6 6 6 6 6 6 6 6 6 6 6 6 6 6 7 6 6 6 7 6 5 6 6 6 6 5 6 6 6 5 6 6 6 7 6 6 6 6 7 6 6 6 6 6 6 6 7 6 6 6 6 6 6 6 6 6 6 6 6 7 6 6 6 6 6 6 6 6 6 6 6 6 6 6 6 6 7 6 
399  351  27   
319  33   479  
111  427  50   
321  354  20   
393  89   48   
315  142  363  
163  488  52   
28   283  119  
391  456  274  
376  425  124  
236  97   256  
1    156  374  
450  112  93   
144  113  305  
466  153  98   
492  223  443  
330  485  401  
94   140  333  
166  8    372  
158  25   209  
447  30   440  
160  276  131  
21   181  199  
179  161  397  
225  390  268  
420  384  128  
228  173  344  
275  125  177  
202  473  96   
327  60   491  
489  437  378  
273  387  237  
7    253  185  
362  271  42   
115  366  411  
442  487  5    
339  165  130  
350  499  69   
254  337  375  
429  136  500  
235  326  184  
80   445  145  
451  367  31   
314  336  292  
361  45   462  
430  243  154  
474  280  176  
204  494  365  
244  39   216  
441  90   386  
389  70   245  
286  232  436  
288  472  127  
481  164  334  
296  137  342  
231  129  457  
120  4    190  
49   483  16   
359  74   402  
423  335  116  
405  64   392  
68   103  352  
497  26   502  
198  56   426  
66   323  412  
214  416  329  
318  463  373  
189  407  67   
77   224  478  
215  410  398  
409  503  298  
249  53   217  
54   9    322  
356  221  340  
381  159  285  
102  122  272  
468  432  421  
110  403  73   
162  220  498  
415  480  431  
219  168  14   
147  471  264  
396  267  35   
266  6    167  
59   464  484  
132  382  260  
270  61   208  
76   13   182  
104  34   395  
476  95   467  
57   11   261  
414  17   238  
134  213  262  
290  446  72   
461  79   133  
195  312  306  
234  371  36   
417  170  413  
114  55   324  
197  346  250  
294  141  183  
302  78   304  
252  379  469  
345  295  293  
470  496  172  
43   226  438  
12   71   37   
282  169  84   
419  265  180  
343  205  233  
117  460  210  
87   279  200  
32   369  311  
0    148  490  
404  328  241  
310  255  477  
428  338  201  
257  269  2    
151  239  317  
41   222  18   
75   242  22   
86   91   192  
149  206  227  
118  191  109  
303  358  85   
150  380  263  
92   146  51   
105  355  453  
400  278  203  
357  135  44   
139  287  320  
370  186  178  
444  143  347  
246  247  332  
40   458  29   
475  211  435  
360  193  24   
299  284  307  
218  101  349  
108  341  383  
300  258  331  
434  240  187  
422  100  196  
394  325  194  
353  188  63   
107  289  23   
486  291  259  
152  157  230  
10   448  308  
106  248  406  
297  83   175  
364  251  3    
82   88   58   
465  138  155  
38   316  388  
212  19   454  
65   459  301  
377  81   452  
126  385  15   
281  408  99   
121  123  455  
501  449  309  
313  495  207  
277  439  46   
348  171  174  
229  368  433  
424  62   493  
47   418  482  
216  273  266  
417  201  212  
500  196  314  
317  431  203  
194  140  1    
155  166  319  
396  150  178  
32   503  480  
134  25   180  
474  335  294  
461  192  424  
392  125  328  
444  173  71   
146  285  274  
468  397  22   
475  284  263  
260  482  50   
347  336  370  
352  367  86   
235  236  76   
39   228  157  
38   79   337  
118  400  244  
492  269  384  
36   292  425  
45   57   452  
383  151  58   
346  339  15   
8    293  411  
75   119  378  
464  227  485  
169  252  437  
289  299  176  
44   238  497  
394  318  60   
312  73   429  
374  9    323  
222  365  420  
298  56   242  
426  455  156  
499  356  97   
205  259  501  
29   111  473  
440  256  53   
2    261  465  
92   4    130  
102  410  179  
197  390  358  
471  24   115  
83   441  117  
189  428  204  
142  268  450  
487  28   330  
206  304  488  
281  446  100  
456  434  69   
162  412  126  
315  193  354  
13   308  213  
451  279  439  
64   135  51   
148  463  27   
280  433  466  
445  91   262  
59   430  476  
199  401  49   
422  7    449  
131  493  438  
183  286  300  
419  168  470  
454  63   96   
377  460  495  
229  247  208  
218  326  70   
19   42   48   
233  406  77   
41   105  342  
175  301  113  
241  348  3    
11   139  114  
486  395  416  
250  129  481  
30   402  472  
443  477  332  
6    160  418  
320  302  359  
239  65   364  
99   20   496  
436  351  277  
368  26   215  
408  393  21   
182  409  137  
257  478  387  
297  232  362  
389  35   40   
164  43   154  
225  84   211  
122  329  375  
219  275  491  
305  457  104  
321  167  240  
210  350  234  
442  230  87   
10   295  17   
110  220  255  
407  159  388  
283  313  427  
187  423  163  
231  127  37   
133  94   186  
62   174  61   
191  502  353  
116  123  291  
398  55   290  
80   248  202  
109  0    217  
188  334  376  
143  453  331  
177  469  195  
88   67   147  
207  98   264  
462  54   158  
355  483  190  
112  31   287  
282  271  33   
185  341  349  
322  152  494  
108  467  325  
124  200  366  
357  288  382  
214  372  95   
270  16   221  
338  78   136  
246  311  12   
149  414  224  
72   226  399  
106  161  90   
278  435  81   
385  245  141  
391  243  223  
251  52   85   
68   23   306  
404  360  184  
267  209  421  
181  82   498  
170  369  327  
296  132  107  
145  258  467  
307  345  413  
103  237  165  
458  93   381  
47   66   479  
310  363  490  
14   74   386  
371  373  89   
484  380  46   
343  171  361  
253  489  128  
138  405  186  
120  309  415  
324  144  13   
254  303  296  
121  249  172  
403  432  153  
18   441  333  
316  447  5    
265  376  101  
276  201  34   
272  344  379  
198  43   459  
448  162  378  
340  319  422  
431  29   122  
416  220  350  
48   103  397  
237  236  491  
331  193  75   
255  3    380  
432  127  341  
154  23   501  
325  26   358  
35   463  304  
447  475  446  
91   0    207  
88   478  436  
197  230  465  
333  216  466  
146  134  173  
76   136  225  
224  426  375  
349  57   240  
79   218  190  
312  411  187  
121  61   15   
46   409  496  
20   204  44   
419  282  280  
171  458  128  
217  336  413  
107  54   232  
50   275  208  
288  234  450  
11   19   455  
344  320  47   
99   83   389  
392  290  323  
385  115  435  
269  307  113  
198  433  314  
138  317  335  
444  233  318  
238  311  5    
116  209  497  
391  283  1    
495  52   32   
203  401  457  
373  38   144  
381  170  464  
102  124  221  
161  443  294  
53   309  152  
421  131  279  
111  293  226  
196  286  14   
459  135  141  
97   129  80   
174  244  372  
66   192  485  
383  345  302  
90   308  382  
364  256  276  
284  188  367  
246  297  24   
406  33   339  
281  85   223  
133  499  353  
155  159  242  
178  437  393  
461  429  106  
166  37   263  
143  493  211  
109  132  84   
487  168  214  
40   68   82   
469  301  355  
366  140  395  
176  184  460  
423  112  219  
417  379  346  
60   365  110  
120  147  114  
492  418  407  
408  262  259  
229  439  81   
69   342  468  
414  7    250  
482  258  89   
215  285  172  
462  36   130  
352  55   400  
213  454  87   
316  474  181  
347  503  266  
449  315  96   
253  273  64   
306  402  313  
104  92   100  
453  291  359  
363  49   361  
150  105  387  
65   63   227  
252  351  456  
332  101  338  
289  410  428  
445  420  156  
473  51   137  
494  199  399  
126  142  265  
440  298  45   
321  476  77   
257  180  30   
451  9    95   
118  396  248  
241  17   86   
206  405  403  
175  390  427  
394  404  164  
479  70   26   
62   305  434  
117  56   108  
165  28   189  
200  327  243  
370  139  303  
125  59   18   
41   268  151  
31   249  119  
322  98   381  
292  488  448  
8    222  247  
245  2    32   
210  483  6    
368  202  362  
374  71   16   
212  74   278  
326  39   277  
498  158  481  
163  271  157  
486  260  27   
73   415  258  
254  160  340  
348  179  261  
251  185  386  
177  67   231  
502  34   489  
442  195  412  
330  267  295  
123  235  310  
25   94   398  
42   72   357  
471  228  499  
194  182  264  
430  78   22   
167  148  93   
299  145  270  
377  300  295  
4    384  21   
484  356  343  
169  12   334  
388  41   360  
329  328  472  
153  337  354  
191  58   374  
452  60   239  
369  324  470  
477  287  424  
149  244  183  
10   272  490  
371  438  274  
205  405  460  
500  171  323  
480  353  125  
425  99   253  
73   326  12   
498  271  355  
453  410  457  
104  235  412  
308  247  160  
112  218  290  
20   320  84   
200  386  399  
272  475  403  
406  313  131  
248  85   180  
162  127  266  
56   4    3    
478  357  176  
133  345  362  
209  208  117  
188  49   286  
481  217  13   
430  398  495  
234  454  269  
379  451  257  
441  9    97   
135  78   219  
474  484  156  
417  337  68   
173  45   390  
152  443  328  
393  115  59   
38   273  411  
35   130  424  
324  383  437  
211  458  94   
29   387  442  
242  163  289  
449  165  18   
70   132  391  
409  17   201  
138  281  61   
204  400  340  
501  470  66   
222  147  371  
77   81   190  
220  427  114  
185  407  0    
267  280  240  
377  144  319  
143  329  479  
16   30   293  
462  359  223  
40   467  265  
150  395  43   
389  164  19   
241  142  351  
473  39   192  
228  196  119  
262  88   468  
445  24   288  
279  360  336  
193  2    485  
382  367  159  
42   71   7    
260  414  477  
369  202  335  
136  178  285  
236  139  432  
33   140  5    
229  23   148  
6    141  86   
212  270  255  
36   191  312  
368  366  149  
238  11   205  
300  134  380  
92   161  354  
415  316  456  
22   203  425  
459  69   402  
291  429  364  
174  480  107  
52   237  49   
214  91   113  
207  317  128  
490  55   65   
14   194  261  
487  146  488  
108  96   110  
89   197  466  
37   259  404  
494  503  123  
482  343  249  
309  376  493  
198  372  450  
47   129  411  
90   347  227  
384  334  215  
358  181  392  
455  252  330  
15   388  502  
46   103  305  
230  352  233  
79   292  263  
496  226  206  
331  349  322  
434  365  106  
339  93   301  
184  28   461  
338  447  325  
327  422  448  
51   278  53   
34   476  465  
264  304  270  
25   195  145  
287  436  413  
401  50   294  
246  416  361  
109  452  315  
321  307  431  
311  463  342  
186  168  310  
268  356  98   
302  126  375  
370  420  101  
428  151  245  
170  179  210  
444  153  423  
464  44   166  
100  421  385  
175  348  274  
122  251  31   
491  438  296  
492  318  346  
27   158  189  
62   10   472  
489  483  87   
306  121  137  
433  67   111  
344  199  254  
187  83   183  
118  332  298  
446  216  74   
282  102  222  
76   224  378  
167  471  85   
275  384  157  
239  48   54   
154  341  228  
486  299  397  
63   225  155  
314  238  394  
333  75   58   
426  284  419  
8    358  277  
21   283  95   
303  183  169  
418  72   57   
363  177  435  
276  474  297  
182  42   243  
1    81   232  
105  283  213  
250  219  396  
221  193  469  
350  172  231  
120  116  64   
82   57   373  
440  200  408  
439  162  80   
124  427  500  
256  304  497  
13   125  196  
410  248  416  
392  305  132  
357  3    139  
152  198  115  
241  258  273  
146  293  346  
244  276  265  
216  199  500  
298  40   288  
316  226  210  
286  108  279  
436  138  394  
376  295  48   
1    432  301  
307  497  171  
143  481  405  
440  214  333  
268  209  14   
247  374  408  
15   12   354  
444  99   177  
269  338  441  
254  191  285  
255  2    38   
75   226  462  
253  249  456  
453  353  135  
371  29   65   
282  51   227  
123  175  449  
10   97   501  
446  315  381  
365  363  502  
433  239  104  
352  477  274  
47   35   313  
480  19   106  
168  312  43   
233  393  428  
186  418  22   
423  467  223  
131  290  166  
167  53   36   
71   78   434  
124  443  134  
107  224  380  
420  74   66   
142  33   178  
345  332  59   
185  299  498  
110  356  262  
92   302  23   
90   235  343  
390  79   437  
403  147  45   
114  263  322  
205  378  4    
86   452  180  
495  351  231  
195  287  144  
386  61   55   
309  484  117  
499  396  494  
242  87   414  
372  182  291  
340  164  93   
361  383  155  
326  468  9    
225  6    306  
455  292  30   
230  359  296  
208  252  321  
70   373  16   
327  128  88   
350  149  218  
251  137  395  
145  489  232  
349  8    212  
83   448  278  
197  161  31   
11   39   385  
187  151  284  
130  98   188  
471  454  398  
259  483  126  
377  335  389  
32   64   240  
17   52   388  
91   154  280  
318  461  426  
172  475  95   
28   472  435  
206  476  189  
325  488  50   
310  158  473  
490  136  156  
194  457  159  
243  20   387  
382  330  220  
201  120  442  
485  341  105  
207  169  103  
438  271  184  
73   492  362  
237  121  323  
122  27   118  
170  163  89   
479  348  308  
44   111  266  
412  400  331  
465  399  300  
94   294  77   
202  160  487  
324  181  211  
100  133  102  
424  297  76   
7    413  406  
469  234  370  
165  203  311  
260  470  355  
460  320  368  
261  21   217  
246  391  347  
68   482  140  
25   157  336  
236  329  82   
425  445  174  
464  190  58   
466  431  404  
317  344  56   
397  447  450  
54   319  272  
109  451  37   
26   402  18   
179  459  503  
342  173  101  
421  60   409  
245  250  229  
24   496  289  
277  491  213  
337  439  281  
215  339  328  
96   176  463  
129  419  415  
150  62   63   
264  493  141  
303  119  113  
256  192  334  
367  221  369  
41   417  72   
486  379  458  
127  364  5    
407  375  267  
112  401  309  
430  153  297  
275  0    34   
69   422  84   
46   429  67   
116  148  360  
478  80   152  
314  255  265  
257  366  267  
204  264  218  
327  401  306  
62   460  58   
428  468  293  
364  98   132  
284  485  247  
472  233  209  
133  238  313  
31   44   454  
367  488  365  
415  486  303  
338  184  253  
333  139  439  
25   69   237  
167  475  477  
447  481  77   
314  339  97   
70   198  94   
0    79   357  
242  12   392  
490  397  373  
124  378  166  
362  112  503  
352  105  440  
220  254  18   
487  462  59   
174  67   108  
461  134  93   
217  326  52   
412  107  30   
304  199  395  
431  157  382  
23   494  13   
171  250  342  
192  391  272  
246  89   353  
148  56   387  
141  235  215  
427  86   405  
202  78   336  
385  413  380  
5    76   118  
156  328  45   
63   406  57   
317  347  501  
35   324  266  
469  329  286  
305  160  74   
259  398  330  
1    248  64   
68   421  227  
470  497  300  
180  130  341  
178  120  91   
28   244  71   
159  276  205  
111  14   337  
122  190  24   
292  386  245  
278  345  37   
502  46   271  
140  262  349  
393  335  375  
81   372  499  
359  32   376  
425  355  197  
51   164  407  
492  437  29   
172  478  212  
320  90   43   
7    214  371  
310  210  283  
128  127  358  
207  366  453  
420  351  423  
323  223  176  
268  47   476  
125  450  473  
200  11   445  
9    225  3    
83   72   228  
17   444  340  
426  290  502  
6    331  275  
493  41   231  
115  334  348  
185  294  142  
239  252  424  
147  15   260  
194  480  173  
175  419  87   
183  4    121  
356  442  26   
388  467  84   
193  10   390  
158  500  417  
287  280  384  
370  411  400  
495  196  440  
422  483  332  
189  308  85   
114  146  129  
414  82   459  
273  96   104  
296  95   193  
261  496  18   
368  465  458  
449  288  55   
434  298  346  
53   151  208  
270  230  464  
27   489  485  
236  399  325  
48   219  162  
282  361  201  
350  302  258  
137  381  479  
383  123  160  
101  144  65   
181  36   60   
177  474  163  
312  279  410  
354  291  436  
110  321  459  
66   438  240  
39   301  295  
344  145  315  
448  316  215  
187  343  165  
402  138  42   
429  319  249  
150  221  83   
463  408  54   
441  224  49   
61   416  213  
263  491  161  
113  229  444  
2    482  277  
119  403  142  
443  206  452  
394  103  190  
457  389  403  
186  484  257  
232  216  146  
21   135  433  
40   204  466  
379  430  266  
33   269  456  
170  169  472  
241  131  16   
318  75   348  
154  211  46   
126  8    424  
281  149  307  
222  195  256  
498  92   377  
20   188  358  
432  369  34   
136  471  300  
117  285  311  
299  153  402  
435  418  410  
179  374  267  
191  243  233  
73   396  464  
251  88   99   
