6 6 6 6 6 6 6 5 6 6 6 6 6 6 6 6 6 6 6 6 6 6 6 6 7 6 6 6 6 6 6 6 6 6 6 7 5 6 6 6 6 6 6 7 6 6 5 6 6 7 6 6 6 6 6 6 6 6 6 6 6 6 5 
56   51   8    
4    58   55   
7    44   40   
11   35   39   
48   6    47   
3    34   10   
28   18   9    
24   22   13   
41   12   21   
30   43   14   
1    33   36   
60   23   59   
46   57   25   
52   61   0    
27   5    53   
16   38   19   
29   15   54   
32   45   50   
62   49   31   
17   37   2    
26   42   20   
49   58   20   
4    30   60   
16   18   35   
6    59   44   
9    10   31   
52   38   21   
46   56   12   
61   17   24   
62   33   45   
42   15   27   
13   48   34   
32   57   7    
36   37   8    
5    0    40   
43   11   29   
47   26   51   
2    14   41   
55   25   22   
39   50   53   
19   23   1    
3    54   8    
28   44   41   
48   39   2    
54   32   38   
30   5    10   
56   60   13   
42   1    28   
57   31   11   
22   18   45   
16   58   34   
35   0    51   
43   24   26   
20   12   50   
61   46   33   
4    15   17   
7    37   47   
29   59   9    
23   3    25   
62   14   19   
52   6    49   
40   55   21   
27   13   36   
53   59   8    
11   1    40   
35   4    12   
3    41   27   
25   28   48   
51   62   17   
0    58   29   
46   37   43   
45   44   34   
22   38   47   
31   2    23   
49   60   39   
18   26   36   
52   53   57   
20   30   33   
5    24   54   
21   42   10   
7    9    14   
16   6    56   
19   61   55   
32   43   28   
50   15   14   
40   62   13   
26   59   55   
31   12   22   
38   39   33   
42   37   60   
50   16   25   
48   8    20   
45   56   5    
1    34   52   
4    9    38   
21   17   18   
41   61   11   
44   30   51   
47   15   23   
36   6    32   
3    49   7    
29   2    56   
57   58   24   
46   27   9    
54   35   19   
53   43   0    
10   50   61   
30   25   6    
41   47   58   
4    1    24   
26   31   0    
33   15   49   
35   59   17   
40   16   29   
22   14   8    
54   60   53   
52   37   19   
55   2    32   
23   21   43   
20   11   10   
28   5    49   
27   51   48   
3    18   42   
13   35   45   
44   39   24   
34   12   57   
