5 6 6 6 7 6 6 6 6 6 6 6 6 6 5 6 6 6 6 6 6 5 6 6 6 6 6 6 6 6 5 6 7 6 6 6 6 6 6 6 6 6 6 6 6 6 6 6 6 6 6 6 6 6 6 6 6 7 6 6 6 6 6 7 6 6 
8    63   13   
28   2    59   
4    36   34   
16   29   11   
50   40   41   
65   23   52   
14   25   18   
3    62   60   
35   22   47   
10   24   53   
64   44   21   
42   45   27   
55   9    49   
33   39   30   
38   56   37   
6    31   17   
15   1    46   
20   5    61   
12   57   43   
0    19   58   
32   54   7    
26   48   51   
54   43   55   
57   41   19   
24   48   2    
45   44   3    
40   11   59   
15   60   12   
7    6    4    
63   31   47   
26   38   14   
25   5    65   
29   33   22   
28   21   36   
53   49   42   
0    52   13   
18   46   39   
9    20   35   
50   56   17   
16   27   23   
10   58   30   
62   37   8    
32   51   61   
1    34   20   
64   39   50   
10   37   34   
29   62   32   
55   64   52   
35   2    18   
28   12   30   
48   23   4    
36   42   41   
24   17   3    
7    40   15   
46   27   8    
13   59   61   
63   53   25   
65   60   11   
49   56   22   
51   44   19   
57   47   23   
45   14   54   
16   9    58   
6    0    18   
5    33   43   
1    26   31   
21   38   16   
14   4    19   
41   62   2    
9    3    59   
11   34   43   
8    35   51   
54   46   10   
60   0    48   
5    17   36   
47   44   40   
39   37   61   
31   30   45   
38   63   7    
65   6    42   
33   48   21   
55   28   25   
53   57   64   
49   15   13   
56   52   20   
58   1    50   
27   24   32   
29   12   26   
22   54   65   
37   15   19   
30   13   41   
40   10   26   
32   49   31   
11   17   46   
47   61   42   
0    53   29   
43   51   50   
4    64   59   
7    33   9    
45   34   2    
35   12   17   
24   55   1    
39   63   60   
62   5    58   
22   3    14   
16   6    51   
20   28   27   
25   44   56   
21   8    65   
57   38   46   
18   23   49   
52   36   26   
59   1    38   
64   31   8    
7    52   2    
5    15   45   
19   33   27   
50   23   32   
10   60   42   
20   63   57   
36   9    22   
43   18   53   
40   55   4    
56   48   12   
41   16   54   
62   47   24   
6    37   28   
3    57   29   
35   4    11   
44   13   39   
58   63   61   
25   34   32   
